{
 "cells": [
  {
   "attachments": {},
   "cell_type": "markdown",
   "metadata": {},
   "source": [
    "## code playground: \n",
    "look here for example code"
   ]
  },
  {
   "cell_type": "code",
   "execution_count": 139,
   "metadata": {},
   "outputs": [],
   "source": [
    "import pandas as pd\n",
    "import matplotlib.pyplot as plt\n",
    "from datetime import date \n"
   ]
  },
  {
   "cell_type": "code",
   "execution_count": 2,
   "metadata": {},
   "outputs": [],
   "source": [
    "#convert the us indicator date to the filename type, using\n",
    "#https://pynative.com/python-datetime-format-strftime/#:~:text=Below%20are%20the%20character%20codes%20to%20format%20the,of%20the%20weekday.%20Like%2C%20Monday%2C%20Tuesday%20More%20items\n",
    "def convertxy():\n",
    "    from dateutil import parser\n",
    "    dt = parser.parse(\"Dec 21 2020  1:01PM\")\n",
    "    print(type(dt), dt)"
   ]
  },
  {
   "cell_type": "code",
   "execution_count": 3,
   "metadata": {},
   "outputs": [],
   "source": [
    "#take string, Wednesday, August 17, 2022\n",
    "#strip first three characters from first word to match file name by day\n",
    "#strip first three characters from second word, to arrive at comparable"
   ]
  },
  {
   "cell_type": "code",
   "execution_count": 4,
   "metadata": {},
   "outputs": [
    {
     "name": "stdout",
     "output_type": "stream",
     "text": [
      "<class 'datetime.datetime'> 2020-12-21 13:01:00\n",
      "None\n"
     ]
    }
   ],
   "source": [
    "print(convertxy())"
   ]
  },
  {
   "attachments": {},
   "cell_type": "markdown",
   "metadata": {},
   "source": [
    "how to access the limit order book files:"
   ]
  },
  {
   "cell_type": "code",
   "execution_count": 5,
   "metadata": {},
   "outputs": [
    {
     "data": {
      "text/plain": [
       "mp           float64\n",
       "timeStamp      int64\n",
       "mean         float64\n",
       "skew         float64\n",
       "dtype: object"
      ]
     },
     "execution_count": 5,
     "metadata": {},
     "output_type": "execute_result"
    }
   ],
   "source": [
    "# Thu Aug 11 2022 05:39:53 GMT-0700 (Pacific Daylight Time)-MEANSHIFT.csv\n",
    "x = pd.read_csv(\"lob_caps/Sat Sep 24 2022 11:10:07 GMT-0700 (Pacific Daylight Time)-MEANSHIFT.csv\")\n",
    "x.dtypes\n"
   ]
  },
  {
   "cell_type": "code",
   "execution_count": 123,
   "metadata": {},
   "outputs": [],
   "source": [
    "def getIndicators():\n",
    "    return pd.read_csv(\"usIndicatorsFall22-fulls.csv\")"
   ]
  },
  {
   "cell_type": "code",
   "execution_count": 124,
   "metadata": {},
   "outputs": [
    {
     "name": "stdout",
     "output_type": "stream",
     "text": [
      "                             date      time                         indicator  \\\n",
      "0          Monday, August 1, 2022   6:00 AM             ism manufacturing pmi   \n",
      "1         Tuesday, August 2, 2022   6:00 AM                jolts job openings   \n",
      "2       Wednesday, August 3, 2022   6:00 AM         ism non manufacturing pmi   \n",
      "3        Thursday, August 4, 2022   4:30 AM                  balance of trade   \n",
      "4          Friday, August 5, 2022   4:30 AM                 non farm payrolls   \n",
      "5      Wednesday, August 10, 2022   4:30 AM               core inflation rate   \n",
      "6      Wednesday, August 10, 2022   4:30 AM                inflation rate yoy   \n",
      "7       Thursday, August 11, 2022   4:30 AM                           ppi mom   \n",
      "8         Friday, August 12, 2022   6:00 AM  michigan consumer sentiment pref   \n",
      "9        Tuesday, August 16, 2022   4:30 AM                  building permits   \n",
      "10     Wednesday, August 17, 2022   4:30 AM                  retail sales mom   \n",
      "11     Wednesday, August 17, 2022  10:00 AM                      fomc minutes   \n",
      "12     Wednesday, August 24, 2022   4:30 AM          durable goods orders mom   \n",
      "13        Friday, August 26, 2022   4:30 AM               personal income mom   \n",
      "14        Friday, August 26, 2022   4:30 AM             personal spending mom   \n",
      "15        Friday, August 26, 2022   6:00 AM           fed chair powell speech   \n",
      "16       Tuesday, August 30, 2022   6:00 AM                jolts job openings   \n",
      "17    Thursday, September 1, 2022   6:00 AM             ism manufacturing pmi   \n",
      "18      Friday, September 2, 2022   4:30 AM                 non farm payrolls   \n",
      "19     Tuesday, September 6, 2022   6:00 AM         ism non manufacturing pmi   \n",
      "20   Wednesday, September 7, 2022   4:30 AM                  balance of trade   \n",
      "21  Wednesday, September 14, 2022   4:30 AM                           ppi mom   \n",
      "22   Thursday, September 15, 2022   4:30 AM                  retail sales mom   \n",
      "23     Friday, September 16, 2022   6:00 AM  michigan consumer sentiment pref   \n",
      "24    Tuesday, September 20, 2022   4:30 AM                  building permits   \n",
      "25  Wednesday, September 21, 2022  10:00 AM         fomc economic projections   \n",
      "26  Wednesday, September 21, 2022  10:00 AM              fed press conference   \n",
      "27    Tuesday, September 27, 2022   4:30 AM          durable goods orders mom   \n",
      "28     Friday, September 30, 2022   4:30 AM             personal spending mom   \n",
      "29     Friday, September 30, 2022   4:30 AM               personal income mom   \n",
      "30        Monday, October 3, 2022   6:00 AM             ism manufacturing pmi   \n",
      "31       Tuesday, October 4, 2022   6:00 AM                jolts job openings   \n",
      "32     Wednesday, October 5, 2022   4:30 AM                  balance of trade   \n",
      "33     Wednesday, October 5, 2022   6:00 AM         ism non manufacturing pmi   \n",
      "34        Friday, October 7, 2022   4:30 AM                 non farm payrolls   \n",
      "35    Wednesday, October 12, 2022   4:30 AM                           ppi mom   \n",
      "36    Wednesday, October 12, 2022  10:00 AM                      fomc minutes   \n",
      "37     Thursday, October 13, 2022   4:30 AM                inflation rate yoy   \n",
      "38     Thursday, October 13, 2022   4:30 AM           core inflation rate yoy   \n",
      "39       Friday, October 14, 2022   4:30 AM                  retail sales mom   \n",
      "40       Friday, October 14, 2022   6:00 AM  michigan consumer sentiment pref   \n",
      "41    Wednesday, October 19, 2022   4:30 AM                 buildling permits   \n",
      "42     Thursday, October 27, 2022   4:30 AM          durable goods orders mom   \n",
      "43       Friday, October 28, 2022   4:30 AM               personal income mom   \n",
      "44       Friday, October 28, 2022   4:30 AM             personal spending mom   \n",
      "45      Tuesday, November 1, 2022   6:00 AM             ism manufacturing pmi   \n",
      "46      Tuesday, November 1, 2022   6:00 AM                jolts job openings   \n",
      "47    Wednesday, November 2, 2022  10:30 AM              fed press conference   \n",
      "48     Thursday, November 3, 2022   4:30 AM                  balance of trade   \n",
      "49       Friday, November 4, 2022   4:30 AM                 Non Farm Payrolls   \n",
      "50    Thursday, November 10, 2022   5:30 AM                inflation rate yoy   \n",
      "51    Thursday, November 10, 2022   5:30 AM           core inflation rate yoy   \n",
      "52      Friday, November 11, 2022   7:00 AM  michigan consumer sentiment pref   \n",
      "\n",
      "     actual  previous  consensus  forecast  \n",
      "0    52.800    53.000     52.000    52.200  \n",
      "1    10.698    11.303     11.000    11.000  \n",
      "2    56.700    55.300     53.500    52.500  \n",
      "3   -79.600   -84.900    -80.100   -83.000  \n",
      "4   528.000   398.000    250.000   290.000  \n",
      "5     5.900     5.900      6.100     5.900  \n",
      "6     8.500     9.100      8.700     9.100  \n",
      "7    -0.500     1.000      0.200     0.400  \n",
      "8    55.100    51.500     52.500    51.300  \n",
      "9     1.674     1.696      1.650     1.670  \n",
      "10    0.000     0.800      0.100     0.200  \n",
      "11      NaN       NaN        NaN       NaN  \n",
      "12    0.000     2.200      0.600     0.800  \n",
      "13    0.200     0.700      0.600     0.500  \n",
      "14    0.100     1.000      0.400     0.200  \n",
      "15      NaN       NaN        NaN       NaN  \n",
      "16   11.230    11.040     10.450    10.500  \n",
      "17   52.800    52.800     52.000    52.000  \n",
      "18  315.000   526.000    300.000   310.000  \n",
      "19   56.900    56.700     55.100    55.000  \n",
      "20  -70.700   -80.900    -70.300   -70.000  \n",
      "21   -0.100    -0.400     -0.100     0.100  \n",
      "22    0.300    -0.400      0.000     0.100  \n",
      "23   59.500    58.200     60.000    58.600  \n",
      "24    1.517     1.685      1.610     1.630  \n",
      "25      NaN       NaN        NaN       NaN  \n",
      "26      NaN       NaN        NaN       NaN  \n",
      "27   -0.200    -0.100     -0.400    -0.900  \n",
      "28    0.400    -0.200      0.200     0.200  \n",
      "29    0.300     0.300      0.300     0.200  \n",
      "30   50.900    52.800     52.200    52.900  \n",
      "31   10.053    11.170     10.775    11.100  \n",
      "32  -67.400   -70.500    -67.700   -68.000  \n",
      "33   56.700    56.900     56.000    56.400  \n",
      "34  263.000   315.000    250.000   290.000  \n",
      "35    0.400    -0.200      0.200     0.000  \n",
      "36      NaN       NaN        NaN       NaN  \n",
      "37    8.200     8.300      8.100     8.200  \n",
      "38    6.600     6.300      6.500     6.400  \n",
      "39    0.000     0.400      0.200     0.200  \n",
      "40   59.800    58.600     59.000    58.300  \n",
      "41    1.564     1.542      1.530     1.487  \n",
      "42    0.400     0.200      0.600     0.200  \n",
      "43    0.400     0.400      0.300     0.200  \n",
      "44    0.600     0.600      0.400     0.300  \n",
      "45   50.200    50.900     50.000    50.100  \n",
      "46   10.717    10.280     10.000    10.200  \n",
      "47      NaN       NaN        NaN       NaN  \n",
      "48  -73.300   -65.700    -72.200   -72.000  \n",
      "49  261.000   315.000    200.000   240.000  \n",
      "50    7.700     8.200      8.000     8.100  \n",
      "51    6.300     6.600      6.500     6.700  \n",
      "52   54.700    56.900     59.500    59.300  \n"
     ]
    }
   ],
   "source": [
    "print(getIndicators())"
   ]
  },
  {
   "cell_type": "code",
   "execution_count": null,
   "metadata": {},
   "outputs": [],
   "source": []
  },
  {
   "cell_type": "code",
   "execution_count": 8,
   "metadata": {},
   "outputs": [
    {
     "data": {
      "text/plain": [
       "date    object\n",
       "time    object\n",
       "dtype: object"
      ]
     },
     "execution_count": 8,
     "metadata": {},
     "output_type": "execute_result"
    }
   ],
   "source": [
    "ind = pd.read_csv(\"usIndicatorsFall22-fulls.csv\")\n",
    "t = ['date', 'time']\n",
    "ind[t].dtypes"
   ]
  },
  {
   "cell_type": "code",
   "execution_count": 9,
   "metadata": {},
   "outputs": [
    {
     "data": {
      "text/plain": [
       "array(['ism manufacturing pmi', 'jolts job openings',\n",
       "       'ism non manufacturing pmi', 'balance of trade',\n",
       "       'non farm payrolls', 'core inflation rate', 'inflation rate yoy',\n",
       "       'ppi mom', 'michigan consumer sentiment pref', 'building permits',\n",
       "       'retail sales mom', 'fomc minutes', 'durable goods orders mom',\n",
       "       'personal income mom', 'personal spending mom',\n",
       "       'fed chair powell speech', 'fomc economic projections',\n",
       "       'fed press conference', 'core inflation rate yoy',\n",
       "       'buildling permits', 'Non Farm Payrolls'], dtype=object)"
      ]
     },
     "execution_count": 9,
     "metadata": {},
     "output_type": "execute_result"
    }
   ],
   "source": [
    "ind['indicator'].unique()"
   ]
  },
  {
   "attachments": {},
   "cell_type": "markdown",
   "metadata": {},
   "source": [
    "gather all data files per announcement"
   ]
  },
  {
   "cell_type": "code",
   "execution_count": 10,
   "metadata": {},
   "outputs": [],
   "source": [
    "# def loadCSV(type, fileName):\n",
    "#     if type == \"caps\":\n",
    "#         sl = \"./lob_caps/\"\n",
    "#         loc= sl+ fileName #+ \"-CAPS.csv\"\n",
    "#     df = pd.read_csv(loc)\n",
    "#     return df"
   ]
  },
  {
   "attachments": {},
   "cell_type": "markdown",
   "metadata": {},
   "source": [
    "get limit order book for a date string"
   ]
  },
  {
   "cell_type": "code",
   "execution_count": 184,
   "metadata": {},
   "outputs": [],
   "source": [
    "def getlob(csv):\n",
    "        print(\"GETTING LOB FILE FOR: csv named \",csv)\n",
    "        csv = \"lob_caps/\" + csv\n",
    "        df = pd.read_csv(csv)\n",
    "            # print(\"\\tfor \", type, df.columns)\n",
    "        return df"
   ]
  },
  {
   "attachments": {},
   "cell_type": "markdown",
   "metadata": {},
   "source": [
    "get CAPS for indicator date. Searches for filenames of a certain date. Returns a dataframe from the dated file, with the elaborated date. "
   ]
  },
  {
   "cell_type": "code",
   "execution_count": 185,
   "metadata": {},
   "outputs": [],
   "source": [
    "import os\n",
    "\n",
    "def getCAPSByDateAndType(date, type, edt ):  #returns a dict, date + df caps for that date, then extended date and time\n",
    "                                # print(\"for type, \", type)\n",
    "    for root, dirs, files in os.walk(\".\"):\n",
    "        for filename in files:\n",
    "            if date in filename :\n",
    "                if type in filename:\n",
    "                    print(\"GET CAPS FOR: \", date  , \" : \", filename)\n",
    "                                 # print(\"returning, \", filename )\n",
    "                    obj = {\"date\":date, \"df\":getlob(filename), \"time\":edt}\n",
    "                                # print(\"getting caps from  \", filename ,obj)\n",
    "                    return obj\n",
    "    "
   ]
  },
  {
   "attachments": {},
   "cell_type": "markdown",
   "metadata": {},
   "source": [
    "primary study, study entry point. Iterates indicator file, returns data frame per indicator announcement, based on the type of data you wish. Supply argument \"CAPS\" to get capitalization data. \n",
    "\n",
    "will grab the indicator first, then grab the capitalization data on the day of that indicator"
   ]
  },
  {
   "cell_type": "code",
   "execution_count": 186,
   "metadata": {},
   "outputs": [],
   "source": [
    "def iterateByType(type):\n",
    "    # print(\"for type, \", type)\n",
    "    data = getIndicators() #indicators file read, access all indicator data per event/announcement\n",
    "    result = []\n",
    "    for row, val in data.iterrows():\n",
    "        s1 = val['date'].replace(','  , '')\n",
    "        ss = s1.split(\" \")\n",
    "        day  = ss[0][0:3]\n",
    "        mon = ss[1][0:3]\n",
    "        num = ss[2]\n",
    "        hr = val['time']\n",
    "        if int(num) <10:\n",
    "            num = \"0\"+num\n",
    "        yr = ss[3]\n",
    "        l = day + \" \" + mon + \" \" + num #+ \" \" + hr\n",
    "        extendedDateTime = day + \" \" + mon + \" \" + num + \" \" + hr + \" \" +yr\n",
    "        print(\"FOR INDICATOR, DATED: \",extendedDateTime)\n",
    "        result.append(getCAPSByDateAndType(l, type, extendedDateTime)) #returns df/caps and the date associated    \n",
    "    return result"
   ]
  },
  {
   "attachments": {},
   "cell_type": "markdown",
   "metadata": {},
   "source": [
    "#### study one: how does the announcement impact the accumulation of the commodity?\n",
    "separate one data frame into two, based on announcement time"
   ]
  },
  {
   "cell_type": "code",
   "execution_count": 187,
   "metadata": {},
   "outputs": [],
   "source": [
    "def studyCorrelations(cArr):\n",
    "    print(len(cArr))\n",
    "\n",
    "    for i in range(len(cArr)):\n",
    "        print(cArr[i][\"date\"], \"CAPS data: \")\n",
    "        print(cArr[i][\"corrDf\"])"
   ]
  },
  {
   "cell_type": "code",
   "execution_count": 130,
   "metadata": {},
   "outputs": [],
   "source": [
    "def convertMo(month):\n",
    "    if month ==\"Aug\":\n",
    "        return \"08\"\n",
    "    if month == \"Sep\":\n",
    "        return \"09\"\n",
    "    if month == \"Oct\":\n",
    "        return \"10\"\n",
    "    if month == \"Nov\":\n",
    "        return \"11\""
   ]
  },
  {
   "cell_type": "code",
   "execution_count": 65,
   "metadata": {},
   "outputs": [],
   "source": [
    "# # from dateutil import parser\n",
    "\n",
    "# def convertIndicatorDateToEpoch(original):\n",
    "#     print(\"orig: \", original) #Thu Aug 11 4:30 AM\n",
    "#     #date, time: \"Monday, August 1, 2022\",6:00 AM\n",
    "#     newstring = original.split(\" \") #must format from  Thu Aug 11 4:30 AM --to-- Thu  08 11 2022 4:30 AM\n",
    "#     month = convertMo(newstring[1])\n",
    "#     e = newstring[1] + \" \" + month + \" \" + newstring[2] + \" \" + \"2022\" + \" \" + newstring[3] + \" \" + newstring[4]\n",
    "#     print(\"CTE \", original,\" ==> \", e)\n",
    "#     # dt = parser.parse(e)\n",
    "#     dt2 = parser.parse(e)\n",
    "#     print(e , \" ----- \", dt2, \"\\n\\n\")\n",
    "#     return dt2"
   ]
  },
  {
   "cell_type": "code",
   "execution_count": 188,
   "metadata": {},
   "outputs": [],
   "source": [
    "from dateutil import parser\n",
    "import datetime\n",
    "import time\n",
    "\n",
    "def convertIndicatorDateToEpoch(original):\n",
    "    # print(\"original \", original) #Thu Aug 11 4:30 AM 2022\n",
    "    re =time.strptime(original, \"%a %b %d %I:%M %p %Y\")\n",
    "    ep = time.mktime(re)\n",
    "    # print(\"TS \", int(ep))   #1660311116579\n",
    "    return int(ep)"
   ]
  },
  {
   "cell_type": "code",
   "execution_count": 189,
   "metadata": {},
   "outputs": [],
   "source": [
    "import time\n",
    "from time import gmtime, strptime\n",
    "def demarcateByAnnounceTime():\n",
    "    obj = iterateByType(\"CAPS\")\n",
    "    # print(obj)#  , obj[\"df\"])\n",
    "    corrArray = []\n",
    "    # visualizeAnnoucementBuild = []\n",
    "    for i in range(len(obj)):\n",
    "        if obj[i] is not None:\n",
    "            # print(obj[i][\"df\"][\"mp\"].head(2))\n",
    "            # print(type(obj[i][\"df\"].corr()))\n",
    "            l = obj[i][\"df\"].corr()\n",
    "            date = obj[i][\"time\"]\n",
    "            indEpoch = convertIndicatorDateToEpoch(date)#.split(\" \") # turn this to epoch Mon Aug 01 6:00 AM\n",
    "            buildDict = {\"date\":date , \"indicatorAnnouncementEpoch\":indEpoch}\n",
    "            # visualizeAnnoucementBuild.append(buildDict) #date of announcement and its epoch value\n",
    "            dict = {\"corrDf\": l, \"date\":date }\n",
    "            corrArray.append(dict)\n",
    "    # visualizeAnnoucementBuilds(visualizeAnnoucementBuild)\n",
    "    studyCorrelations(corrArray)"
   ]
  },
  {
   "cell_type": "code",
   "execution_count": 190,
   "metadata": {},
   "outputs": [
    {
     "name": "stdout",
     "output_type": "stream",
     "text": [
      "FOR INDICATOR, DATED:  Mon Aug 01 6:00 AM 2022\n",
      "FOR INDICATOR, DATED:  Tue Aug 02 6:00 AM 2022\n",
      "FOR INDICATOR, DATED:  Wed Aug 03 6:00 AM 2022\n",
      "FOR INDICATOR, DATED:  Thu Aug 04 4:30 AM 2022\n",
      "FOR INDICATOR, DATED:  Fri Aug 05 4:30 AM 2022\n",
      "FOR INDICATOR, DATED:  Wed Aug 10 4:30 AM 2022\n",
      "FOR INDICATOR, DATED:  Wed Aug 10 4:30 AM 2022\n",
      "FOR INDICATOR, DATED:  Thu Aug 11 4:30 AM 2022\n",
      "GET CAPS FOR:  Thu Aug 11  :  Thu Aug 11 2022 05:39:53 GMT-0700 (Pacific Daylight Time)-CAPS.csv\n",
      "GETTING LOB FILE FOR: csv named  Thu Aug 11 2022 05:39:53 GMT-0700 (Pacific Daylight Time)-CAPS.csv\n",
      "FOR INDICATOR, DATED:  Fri Aug 12 6:00 AM 2022\n",
      "GET CAPS FOR:  Fri Aug 12  :  Fri Aug 12 2022 06:31:51 GMT-0700 (Pacific Daylight Time)-CAPS.csv\n",
      "GETTING LOB FILE FOR: csv named  Fri Aug 12 2022 06:31:51 GMT-0700 (Pacific Daylight Time)-CAPS.csv\n",
      "FOR INDICATOR, DATED:  Tue Aug 16 4:30 AM 2022\n",
      "GET CAPS FOR:  Tue Aug 16  :  Tue Aug 16 2022 05:46:44 GMT-0700 (Pacific Daylight Time)-CAPS.csv\n",
      "GETTING LOB FILE FOR: csv named  Tue Aug 16 2022 05:46:44 GMT-0700 (Pacific Daylight Time)-CAPS.csv\n",
      "FOR INDICATOR, DATED:  Wed Aug 17 4:30 AM 2022\n",
      "GET CAPS FOR:  Wed Aug 17  :  Wed Aug 17 2022 10:16:57 GMT-0700 (Pacific Daylight Time)-CAPS.csv\n",
      "GETTING LOB FILE FOR: csv named  Wed Aug 17 2022 10:16:57 GMT-0700 (Pacific Daylight Time)-CAPS.csv\n",
      "FOR INDICATOR, DATED:  Wed Aug 17 10:00 AM 2022\n",
      "GET CAPS FOR:  Wed Aug 17  :  Wed Aug 17 2022 10:16:57 GMT-0700 (Pacific Daylight Time)-CAPS.csv\n",
      "GETTING LOB FILE FOR: csv named  Wed Aug 17 2022 10:16:57 GMT-0700 (Pacific Daylight Time)-CAPS.csv\n",
      "FOR INDICATOR, DATED:  Wed Aug 24 4:30 AM 2022\n",
      "GET CAPS FOR:  Wed Aug 24  :  Wed Aug 24 2022 08:44:06 GMT-0700 (Pacific Daylight Time)-CAPS.csv\n",
      "GETTING LOB FILE FOR: csv named  Wed Aug 24 2022 08:44:06 GMT-0700 (Pacific Daylight Time)-CAPS.csv\n",
      "FOR INDICATOR, DATED:  Fri Aug 26 4:30 AM 2022\n",
      "GET CAPS FOR:  Fri Aug 26  :  Fri Aug 26 2022 06:27:17 GMT-0700 (Pacific Daylight Time)-CAPS.csv\n",
      "GETTING LOB FILE FOR: csv named  Fri Aug 26 2022 06:27:17 GMT-0700 (Pacific Daylight Time)-CAPS.csv\n",
      "FOR INDICATOR, DATED:  Fri Aug 26 4:30 AM 2022\n",
      "GET CAPS FOR:  Fri Aug 26  :  Fri Aug 26 2022 06:27:17 GMT-0700 (Pacific Daylight Time)-CAPS.csv\n",
      "GETTING LOB FILE FOR: csv named  Fri Aug 26 2022 06:27:17 GMT-0700 (Pacific Daylight Time)-CAPS.csv\n",
      "FOR INDICATOR, DATED:  Fri Aug 26 6:00 AM 2022\n",
      "GET CAPS FOR:  Fri Aug 26  :  Fri Aug 26 2022 06:27:17 GMT-0700 (Pacific Daylight Time)-CAPS.csv\n",
      "GETTING LOB FILE FOR: csv named  Fri Aug 26 2022 06:27:17 GMT-0700 (Pacific Daylight Time)-CAPS.csv\n",
      "FOR INDICATOR, DATED:  Tue Aug 30 6:00 AM 2022\n",
      "FOR INDICATOR, DATED:  Thu Sep 01 6:00 AM 2022\n",
      "GET CAPS FOR:  Thu Sep 01  :  Thu Sep 01 2022 06:40:31 GMT-0700 (Pacific Daylight Time)-CAPS.csv\n",
      "GETTING LOB FILE FOR: csv named  Thu Sep 01 2022 06:40:31 GMT-0700 (Pacific Daylight Time)-CAPS.csv\n",
      "FOR INDICATOR, DATED:  Fri Sep 02 4:30 AM 2022\n",
      "GET CAPS FOR:  Fri Sep 02  :  Fri Sep 02 2022 05:51:12 GMT-0700 (Pacific Daylight Time)-CAPS.csv\n",
      "GETTING LOB FILE FOR: csv named  Fri Sep 02 2022 05:51:12 GMT-0700 (Pacific Daylight Time)-CAPS.csv\n",
      "FOR INDICATOR, DATED:  Tue Sep 06 6:00 AM 2022\n",
      "GET CAPS FOR:  Tue Sep 06  :  Tue Sep 06 2022 05:10:06 GMT-0700 (Pacific Daylight Time)-CAPS.csv\n",
      "GETTING LOB FILE FOR: csv named  Tue Sep 06 2022 05:10:06 GMT-0700 (Pacific Daylight Time)-CAPS.csv\n",
      "FOR INDICATOR, DATED:  Wed Sep 07 4:30 AM 2022\n",
      "GET CAPS FOR:  Wed Sep 07  :  Wed Sep 07 2022 07:36:51 GMT-0700 (Pacific Daylight Time)-CAPS.csv\n",
      "GETTING LOB FILE FOR: csv named  Wed Sep 07 2022 07:36:51 GMT-0700 (Pacific Daylight Time)-CAPS.csv\n",
      "FOR INDICATOR, DATED:  Wed Sep 14 4:30 AM 2022\n",
      "GET CAPS FOR:  Wed Sep 14  :  Wed Sep 14 2022 07:03:52 GMT-0700 (Pacific Daylight Time)-CAPS.csv\n",
      "GETTING LOB FILE FOR: csv named  Wed Sep 14 2022 07:03:52 GMT-0700 (Pacific Daylight Time)-CAPS.csv\n",
      "FOR INDICATOR, DATED:  Thu Sep 15 4:30 AM 2022\n",
      "GET CAPS FOR:  Thu Sep 15  :  Thu Sep 15 2022 06:21:27 GMT-0700 (Pacific Daylight Time)-CAPS.csv\n",
      "GETTING LOB FILE FOR: csv named  Thu Sep 15 2022 06:21:27 GMT-0700 (Pacific Daylight Time)-CAPS.csv\n",
      "FOR INDICATOR, DATED:  Fri Sep 16 6:00 AM 2022\n",
      "GET CAPS FOR:  Fri Sep 16  :  Fri Sep 16 2022 05:38:37 GMT-0700 (Pacific Daylight Time)-CAPS.csv\n",
      "GETTING LOB FILE FOR: csv named  Fri Sep 16 2022 05:38:37 GMT-0700 (Pacific Daylight Time)-CAPS.csv\n",
      "FOR INDICATOR, DATED:  Tue Sep 20 4:30 AM 2022\n",
      "GET CAPS FOR:  Tue Sep 20  :  Tue Sep 20 2022 05:53:56 GMT-0700 (Pacific Daylight Time)-CAPS.csv\n",
      "GETTING LOB FILE FOR: csv named  Tue Sep 20 2022 05:53:56 GMT-0700 (Pacific Daylight Time)-CAPS.csv\n",
      "FOR INDICATOR, DATED:  Wed Sep 21 10:00 AM 2022\n",
      "GET CAPS FOR:  Wed Sep 21  :  Wed Sep 21 2022 11:55:57 GMT-0700 (Pacific Daylight Time)-CAPS.csv\n",
      "GETTING LOB FILE FOR: csv named  Wed Sep 21 2022 11:55:57 GMT-0700 (Pacific Daylight Time)-CAPS.csv\n",
      "FOR INDICATOR, DATED:  Wed Sep 21 10:00 AM 2022\n",
      "GET CAPS FOR:  Wed Sep 21  :  Wed Sep 21 2022 11:55:57 GMT-0700 (Pacific Daylight Time)-CAPS.csv\n",
      "GETTING LOB FILE FOR: csv named  Wed Sep 21 2022 11:55:57 GMT-0700 (Pacific Daylight Time)-CAPS.csv\n",
      "FOR INDICATOR, DATED:  Tue Sep 27 4:30 AM 2022\n",
      "GET CAPS FOR:  Tue Sep 27  :  Tue Sep 27 2022 07:35:37 GMT-0700 (Pacific Daylight Time)-CAPS.csv\n",
      "GETTING LOB FILE FOR: csv named  Tue Sep 27 2022 07:35:37 GMT-0700 (Pacific Daylight Time)-CAPS.csv\n",
      "FOR INDICATOR, DATED:  Fri Sep 30 4:30 AM 2022\n",
      "GET CAPS FOR:  Fri Sep 30  :  Fri Sep 30 2022 06:15:52 GMT-0700 (Pacific Daylight Time)-CAPS.csv\n",
      "GETTING LOB FILE FOR: csv named  Fri Sep 30 2022 06:15:52 GMT-0700 (Pacific Daylight Time)-CAPS.csv\n",
      "FOR INDICATOR, DATED:  Fri Sep 30 4:30 AM 2022\n",
      "GET CAPS FOR:  Fri Sep 30  :  Fri Sep 30 2022 06:15:52 GMT-0700 (Pacific Daylight Time)-CAPS.csv\n",
      "GETTING LOB FILE FOR: csv named  Fri Sep 30 2022 06:15:52 GMT-0700 (Pacific Daylight Time)-CAPS.csv\n",
      "FOR INDICATOR, DATED:  Mon Oct 03 6:00 AM 2022\n",
      "GET CAPS FOR:  Mon Oct 03  :  Mon Oct 03 2022 06:30:58 GMT-0700 (Pacific Daylight Time)-CAPS.csv\n",
      "GETTING LOB FILE FOR: csv named  Mon Oct 03 2022 06:30:58 GMT-0700 (Pacific Daylight Time)-CAPS.csv\n",
      "FOR INDICATOR, DATED:  Tue Oct 04 6:00 AM 2022\n",
      "FOR INDICATOR, DATED:  Wed Oct 05 4:30 AM 2022\n",
      "GET CAPS FOR:  Wed Oct 05  :  Wed Oct 05 2022 07:37:11 GMT-0700 (Pacific Daylight Time)-CAPS.csv\n",
      "GETTING LOB FILE FOR: csv named  Wed Oct 05 2022 07:37:11 GMT-0700 (Pacific Daylight Time)-CAPS.csv\n",
      "FOR INDICATOR, DATED:  Wed Oct 05 6:00 AM 2022\n",
      "GET CAPS FOR:  Wed Oct 05  :  Wed Oct 05 2022 07:37:11 GMT-0700 (Pacific Daylight Time)-CAPS.csv\n",
      "GETTING LOB FILE FOR: csv named  Wed Oct 05 2022 07:37:11 GMT-0700 (Pacific Daylight Time)-CAPS.csv\n",
      "FOR INDICATOR, DATED:  Fri Oct 07 4:30 AM 2022\n",
      "GET CAPS FOR:  Fri Oct 07  :  Fri Oct 07 2022 10:19:43 GMT-0700 (Pacific Daylight Time)-CAPS.csv\n",
      "GETTING LOB FILE FOR: csv named  Fri Oct 07 2022 10:19:43 GMT-0700 (Pacific Daylight Time)-CAPS.csv\n",
      "FOR INDICATOR, DATED:  Wed Oct 12 4:30 AM 2022\n",
      "GET CAPS FOR:  Wed Oct 12  :  Wed Oct 12 2022 07:36:21 GMT-0700 (Pacific Daylight Time)-CAPS.csv\n",
      "GETTING LOB FILE FOR: csv named  Wed Oct 12 2022 07:36:21 GMT-0700 (Pacific Daylight Time)-CAPS.csv\n",
      "FOR INDICATOR, DATED:  Wed Oct 12 10:00 AM 2022\n",
      "GET CAPS FOR:  Wed Oct 12  :  Wed Oct 12 2022 07:36:21 GMT-0700 (Pacific Daylight Time)-CAPS.csv\n",
      "GETTING LOB FILE FOR: csv named  Wed Oct 12 2022 07:36:21 GMT-0700 (Pacific Daylight Time)-CAPS.csv\n",
      "FOR INDICATOR, DATED:  Thu Oct 13 4:30 AM 2022\n",
      "GET CAPS FOR:  Thu Oct 13  :  Thu Oct 13 2022 06:54:58 GMT-0700 (Pacific Daylight Time)-CAPS.csv\n",
      "GETTING LOB FILE FOR: csv named  Thu Oct 13 2022 06:54:58 GMT-0700 (Pacific Daylight Time)-CAPS.csv\n",
      "FOR INDICATOR, DATED:  Thu Oct 13 4:30 AM 2022\n",
      "GET CAPS FOR:  Thu Oct 13  :  Thu Oct 13 2022 06:54:58 GMT-0700 (Pacific Daylight Time)-CAPS.csv\n",
      "GETTING LOB FILE FOR: csv named  Thu Oct 13 2022 06:54:58 GMT-0700 (Pacific Daylight Time)-CAPS.csv\n",
      "FOR INDICATOR, DATED:  Fri Oct 14 4:30 AM 2022\n",
      "GET CAPS FOR:  Fri Oct 14  :  Fri Oct 14 2022 10:56:42 GMT-0700 (Pacific Daylight Time)-CAPS.csv\n",
      "GETTING LOB FILE FOR: csv named  Fri Oct 14 2022 10:56:42 GMT-0700 (Pacific Daylight Time)-CAPS.csv\n",
      "FOR INDICATOR, DATED:  Fri Oct 14 6:00 AM 2022\n",
      "GET CAPS FOR:  Fri Oct 14  :  Fri Oct 14 2022 10:56:42 GMT-0700 (Pacific Daylight Time)-CAPS.csv\n",
      "GETTING LOB FILE FOR: csv named  Fri Oct 14 2022 10:56:42 GMT-0700 (Pacific Daylight Time)-CAPS.csv\n",
      "FOR INDICATOR, DATED:  Wed Oct 19 4:30 AM 2022\n",
      "GET CAPS FOR:  Wed Oct 19  :  Wed Oct 19 2022 08:15:42 GMT-0700 (Pacific Daylight Time)-CAPS.csv\n",
      "GETTING LOB FILE FOR: csv named  Wed Oct 19 2022 08:15:42 GMT-0700 (Pacific Daylight Time)-CAPS.csv\n",
      "FOR INDICATOR, DATED:  Thu Oct 27 4:30 AM 2022\n",
      "GET CAPS FOR:  Thu Oct 27  :  Thu Oct 27 2022 07:39:06 GMT-0700 (Pacific Daylight Time)-CAPS.csv\n",
      "GETTING LOB FILE FOR: csv named  Thu Oct 27 2022 07:39:06 GMT-0700 (Pacific Daylight Time)-CAPS.csv\n",
      "FOR INDICATOR, DATED:  Fri Oct 28 4:30 AM 2022\n",
      "GET CAPS FOR:  Fri Oct 28  :  Fri Oct 28 2022 05:12:18 GMT-0700 (Pacific Daylight Time)-CAPS.csv\n",
      "GETTING LOB FILE FOR: csv named  Fri Oct 28 2022 05:12:18 GMT-0700 (Pacific Daylight Time)-CAPS.csv\n",
      "FOR INDICATOR, DATED:  Fri Oct 28 4:30 AM 2022\n",
      "GET CAPS FOR:  Fri Oct 28  :  Fri Oct 28 2022 05:12:18 GMT-0700 (Pacific Daylight Time)-CAPS.csv\n",
      "GETTING LOB FILE FOR: csv named  Fri Oct 28 2022 05:12:18 GMT-0700 (Pacific Daylight Time)-CAPS.csv\n",
      "FOR INDICATOR, DATED:  Tue Nov 01 6:00 AM 2022\n",
      "GET CAPS FOR:  Tue Nov 01  :  Tue Nov 01 2022 06:31:11 GMT-0700 (Pacific Daylight Time)-CAPS.csv\n",
      "GETTING LOB FILE FOR: csv named  Tue Nov 01 2022 06:31:11 GMT-0700 (Pacific Daylight Time)-CAPS.csv\n",
      "FOR INDICATOR, DATED:  Tue Nov 01 6:00 AM 2022\n",
      "GET CAPS FOR:  Tue Nov 01  :  Tue Nov 01 2022 06:31:11 GMT-0700 (Pacific Daylight Time)-CAPS.csv\n",
      "GETTING LOB FILE FOR: csv named  Tue Nov 01 2022 06:31:11 GMT-0700 (Pacific Daylight Time)-CAPS.csv\n",
      "FOR INDICATOR, DATED:  Wed Nov 02 10:30 AM 2022\n",
      "GET CAPS FOR:  Wed Nov 02  :  Wed Nov 02 2022 07:19:43 GMT-0700 (Pacific Daylight Time)-CAPS.csv\n",
      "GETTING LOB FILE FOR: csv named  Wed Nov 02 2022 07:19:43 GMT-0700 (Pacific Daylight Time)-CAPS.csv\n",
      "FOR INDICATOR, DATED:  Thu Nov 03 4:30 AM 2022\n",
      "GET CAPS FOR:  Thu Nov 03  :  Thu Nov 03 2022 08:01:55 GMT-0700 (Pacific Daylight Time)-CAPS.csv\n",
      "GETTING LOB FILE FOR: csv named  Thu Nov 03 2022 08:01:55 GMT-0700 (Pacific Daylight Time)-CAPS.csv\n",
      "FOR INDICATOR, DATED:  Fri Nov 04 4:30 AM 2022\n",
      "GET CAPS FOR:  Fri Nov 04  :  Fri Nov 04 2022 08:56:11 GMT-0700 (Pacific Daylight Time)-CAPS.csv\n",
      "GETTING LOB FILE FOR: csv named  Fri Nov 04 2022 08:56:11 GMT-0700 (Pacific Daylight Time)-CAPS.csv\n",
      "FOR INDICATOR, DATED:  Thu Nov 10 5:30 AM 2022\n",
      "GET CAPS FOR:  Thu Nov 10  :  Thu Nov 10 2022 07:14:14 GMT-0800 (Pacific Standard Time)-CAPS.csv\n",
      "GETTING LOB FILE FOR: csv named  Thu Nov 10 2022 07:14:14 GMT-0800 (Pacific Standard Time)-CAPS.csv\n",
      "FOR INDICATOR, DATED:  Thu Nov 10 5:30 AM 2022\n",
      "GET CAPS FOR:  Thu Nov 10  :  Thu Nov 10 2022 07:14:14 GMT-0800 (Pacific Standard Time)-CAPS.csv\n",
      "GETTING LOB FILE FOR: csv named  Thu Nov 10 2022 07:14:14 GMT-0800 (Pacific Standard Time)-CAPS.csv\n",
      "FOR INDICATOR, DATED:  Fri Nov 11 7:00 AM 2022\n",
      "GET CAPS FOR:  Fri Nov 11  :  Fri Nov 11 2022 07:08:40 GMT-0800 (Pacific Standard Time)-CAPS.csv\n",
      "GETTING LOB FILE FOR: csv named  Fri Nov 11 2022 07:08:40 GMT-0800 (Pacific Standard Time)-CAPS.csv\n",
      "44\n",
      "Thu Aug 11 4:30 AM 2022 CAPS data: \n",
      "              bc        ac       tbv       tav      time        mp    minBid\n",
      "bc      1.000000  0.800815  0.996983  0.790472 -0.447016  0.544989  0.478318\n",
      "ac      0.800815  1.000000  0.809675  0.942960 -0.135844  0.261803  0.184452\n",
      "tbv     0.996983  0.809675  1.000000  0.817664 -0.399621  0.480651  0.416134\n",
      "tav     0.790472  0.942960  0.817664  1.000000 -0.043581  0.068955 -0.003978\n",
      "time   -0.447016 -0.135844 -0.399621 -0.043581  1.000000 -0.751193 -0.882014\n",
      "mp      0.544989  0.261803  0.480651  0.068955 -0.751193  1.000000  0.943051\n",
      "minBid  0.478318  0.184452  0.416134 -0.003978 -0.882014  0.943051  1.000000\n",
      "Fri Aug 12 6:00 AM 2022 CAPS data: \n",
      "              bc        ac       tbv       tav      time        mp    minBid\n",
      "bc      1.000000  0.327679  0.969155  0.325539 -0.779050 -0.696111  0.123698\n",
      "ac      0.327679  1.000000  0.252743  0.971360 -0.015935  0.003611 -0.511029\n",
      "tbv     0.969155  0.252743  1.000000  0.252791 -0.892966 -0.804784  0.213062\n",
      "tav     0.325539  0.971360  0.252791  1.000000 -0.024931  0.029877 -0.606129\n",
      "time   -0.779050 -0.015935 -0.892966 -0.024931  1.000000  0.800654 -0.362644\n",
      "mp     -0.696111  0.003611 -0.804784  0.029877  0.800654  1.000000 -0.431593\n",
      "minBid  0.123698 -0.511029  0.213062 -0.606129 -0.362644 -0.431593  1.000000\n",
      "Tue Aug 16 4:30 AM 2022 CAPS data: \n",
      "              bc        ac       tbv       tav      time        mp    minBid\n",
      "bc      1.000000  0.203575  0.997572  0.123557  0.571636 -0.331583 -0.578234\n",
      "ac      0.203575  1.000000  0.201217  0.955902  0.198465 -0.069583 -0.110479\n",
      "tbv     0.997572  0.201217  1.000000  0.121394  0.607491 -0.394178 -0.624062\n",
      "tav     0.123557  0.955902  0.121394  1.000000  0.108472 -0.020520  0.002725\n",
      "time    0.571636  0.198465  0.607491  0.108472  1.000000 -0.630214 -0.875703\n",
      "mp     -0.331583 -0.069583 -0.394178 -0.020520 -0.630214  1.000000  0.807561\n",
      "minBid -0.578234 -0.110479 -0.624062  0.002725 -0.875703  0.807561  1.000000\n",
      "Wed Aug 17 4:30 AM 2022 CAPS data: \n",
      "              bc        ac       tbv       tav      time        mp    minBid\n",
      "bc      1.000000  0.333195  0.997259  0.240723 -0.122632  0.357938  0.306967\n",
      "ac      0.333195  1.000000  0.355329  0.982036  0.144564 -0.199974 -0.150509\n",
      "tbv     0.997259  0.355329  1.000000  0.274221 -0.067609  0.290051  0.240674\n",
      "tav     0.240723  0.982036  0.274221  1.000000  0.254263 -0.375344 -0.317568\n",
      "time   -0.122632  0.144564 -0.067609  0.254263  1.000000 -0.599448 -0.832507\n",
      "mp      0.357938 -0.199974  0.290051 -0.375344 -0.599448  1.000000  0.885159\n",
      "minBid  0.306967 -0.150509  0.240674 -0.317568 -0.832507  0.885159  1.000000\n",
      "Wed Aug 17 10:00 AM 2022 CAPS data: \n",
      "              bc        ac       tbv       tav      time        mp    minBid\n",
      "bc      1.000000  0.333195  0.997259  0.240723 -0.122632  0.357938  0.306967\n",
      "ac      0.333195  1.000000  0.355329  0.982036  0.144564 -0.199974 -0.150509\n",
      "tbv     0.997259  0.355329  1.000000  0.274221 -0.067609  0.290051  0.240674\n",
      "tav     0.240723  0.982036  0.274221  1.000000  0.254263 -0.375344 -0.317568\n",
      "time   -0.122632  0.144564 -0.067609  0.254263  1.000000 -0.599448 -0.832507\n",
      "mp      0.357938 -0.199974  0.290051 -0.375344 -0.599448  1.000000  0.885159\n",
      "minBid  0.306967 -0.150509  0.240674 -0.317568 -0.832507  0.885159  1.000000\n",
      "Wed Aug 24 4:30 AM 2022 CAPS data: \n",
      "              bc        ac       tbv       tav      time        mp    minBid\n",
      "bc      1.000000 -0.177463  0.985109 -0.132761  0.339728  0.101486 -0.382473\n",
      "ac     -0.177463  1.000000 -0.084235  0.987425 -0.758132  0.109951  0.592989\n",
      "tbv     0.985109 -0.084235  1.000000 -0.037978  0.290740  0.061878 -0.358734\n",
      "tav    -0.132761  0.987425 -0.037978  1.000000 -0.670244  0.000200  0.491672\n",
      "time    0.339728 -0.758132  0.290740 -0.670244  1.000000 -0.464652 -0.896758\n",
      "mp      0.101486  0.109951  0.061878  0.000200 -0.464652  1.000000  0.638217\n",
      "minBid -0.382473  0.592989 -0.358734  0.491672 -0.896758  0.638217  1.000000\n",
      "Fri Aug 26 4:30 AM 2022 CAPS data: \n",
      "              bc        ac       tbv       tav      time        mp    minBid\n",
      "bc      1.000000 -0.671100  0.989698 -0.562132  0.833186 -0.612927 -0.633395\n",
      "ac     -0.671100  1.000000 -0.740444  0.597523 -0.911463  0.872255  0.883414\n",
      "tbv     0.989698 -0.740444  1.000000 -0.584375  0.885890 -0.686158 -0.705004\n",
      "tav    -0.562132  0.597523 -0.584375  1.000000 -0.545213  0.235989  0.250952\n",
      "time    0.833186 -0.911463  0.885890 -0.545213  1.000000 -0.879262 -0.884342\n",
      "mp     -0.612927  0.872255 -0.686158  0.235989 -0.879262  1.000000  0.988991\n",
      "minBid -0.633395  0.883414 -0.705004  0.250952 -0.884342  0.988991  1.000000\n",
      "Fri Aug 26 4:30 AM 2022 CAPS data: \n",
      "              bc        ac       tbv       tav      time        mp    minBid\n",
      "bc      1.000000 -0.671100  0.989698 -0.562132  0.833186 -0.612927 -0.633395\n",
      "ac     -0.671100  1.000000 -0.740444  0.597523 -0.911463  0.872255  0.883414\n",
      "tbv     0.989698 -0.740444  1.000000 -0.584375  0.885890 -0.686158 -0.705004\n",
      "tav    -0.562132  0.597523 -0.584375  1.000000 -0.545213  0.235989  0.250952\n",
      "time    0.833186 -0.911463  0.885890 -0.545213  1.000000 -0.879262 -0.884342\n",
      "mp     -0.612927  0.872255 -0.686158  0.235989 -0.879262  1.000000  0.988991\n",
      "minBid -0.633395  0.883414 -0.705004  0.250952 -0.884342  0.988991  1.000000\n",
      "Fri Aug 26 6:00 AM 2022 CAPS data: \n",
      "              bc        ac       tbv       tav      time        mp    minBid\n",
      "bc      1.000000 -0.671100  0.989698 -0.562132  0.833186 -0.612927 -0.633395\n",
      "ac     -0.671100  1.000000 -0.740444  0.597523 -0.911463  0.872255  0.883414\n",
      "tbv     0.989698 -0.740444  1.000000 -0.584375  0.885890 -0.686158 -0.705004\n",
      "tav    -0.562132  0.597523 -0.584375  1.000000 -0.545213  0.235989  0.250952\n",
      "time    0.833186 -0.911463  0.885890 -0.545213  1.000000 -0.879262 -0.884342\n",
      "mp     -0.612927  0.872255 -0.686158  0.235989 -0.879262  1.000000  0.988991\n",
      "minBid -0.633395  0.883414 -0.705004  0.250952 -0.884342  0.988991  1.000000\n",
      "Thu Sep 01 6:00 AM 2022 CAPS data: \n",
      "              bc        ac       tbv       tav      time        mp    minBid\n",
      "bc      1.000000  0.764700  0.995249  0.760182 -0.691689 -0.447839  0.340365\n",
      "ac      0.764700  1.000000  0.773541  0.998414 -0.771979 -0.433827  0.635609\n",
      "tbv     0.995249  0.773541  1.000000  0.772431 -0.736206 -0.528515  0.327938\n",
      "tav     0.760182  0.998414  0.772431  1.000000 -0.769402 -0.471940  0.609351\n",
      "time   -0.691689 -0.771979 -0.736206 -0.769402  1.000000  0.642025 -0.589256\n",
      "mp     -0.447839 -0.433827 -0.528515 -0.471940  0.642025  1.000000  0.039363\n",
      "minBid  0.340365  0.635609  0.327938  0.609351 -0.589256  0.039363  1.000000\n",
