{
 "cells": [
  {
   "attachments": {},
   "cell_type": "markdown",
   "metadata": {},
   "source": [
    "## code playground: \n",
    "look here for example code"
   ]
  },
  {
   "cell_type": "code",
   "execution_count": 89,
   "metadata": {},
   "outputs": [],
   "source": [
    "import pandas as pd\n",
    "import matplotlib.pyplot as plt\n",
    "import datetime\n"
   ]
  },
  {
   "cell_type": "code",
   "execution_count": 2,
   "metadata": {},
   "outputs": [],
   "source": [
    "#convert the us indicator date to the filename type, using\n",
    "#https://pynative.com/python-datetime-format-strftime/#:~:text=Below%20are%20the%20character%20codes%20to%20format%20the,of%20the%20weekday.%20Like%2C%20Monday%2C%20Tuesday%20More%20items\n",
    "def convertxy():\n",
    "    from dateutil import parser\n",
    "    dt = parser.parse(\"Dec 21 2020  1:01PM\")\n",
    "    print(dt)"
   ]
  },
  {
   "cell_type": "code",
   "execution_count": 3,
   "metadata": {},
   "outputs": [],
   "source": [
    "#take string, Wednesday, August 17, 2022\n",
    "#strip first three characters from first word to match file name by day\n",
    "#strip first three characters from second word, to arrive at comparable"
   ]
  },
  {
   "cell_type": "code",
   "execution_count": 4,
   "metadata": {},
   "outputs": [
    {
     "name": "stdout",
     "output_type": "stream",
     "text": [
      "2020-12-21 13:01:00\n",
      "None\n"
     ]
    }
   ],
   "source": [
    "print(convertxy())"
   ]
  },
  {
   "attachments": {},
   "cell_type": "markdown",
   "metadata": {},
   "source": [
    "how to access the limit order book files:"
   ]
  },
  {
   "cell_type": "code",
   "execution_count": 5,
   "metadata": {},
   "outputs": [
    {
     "data": {
      "text/plain": [
       "mp           float64\n",
       "timeStamp      int64\n",
       "mean         float64\n",
       "skew         float64\n",
       "dtype: object"
      ]
     },
     "execution_count": 5,
     "metadata": {},
     "output_type": "execute_result"
    }
   ],
   "source": [
    "# Thu Aug 11 2022 05:39:53 GMT-0700 (Pacific Daylight Time)-MEANSHIFT.csv\n",
    "x = pd.read_csv(\"lob_caps/Sat Sep 24 2022 11:10:07 GMT-0700 (Pacific Daylight Time)-MEANSHIFT.csv\")\n",
    "x.dtypes\n"
   ]
  },
  {
   "cell_type": "code",
   "execution_count": 6,
   "metadata": {},
   "outputs": [],
   "source": [
    "def getIndicators():\n",
    "    return pd.read_csv(\"usIndicatorsFall22-fulls.csv\")"
   ]
  },
  {
   "cell_type": "code",
   "execution_count": 7,
   "metadata": {},
   "outputs": [
    {
     "name": "stdout",
     "output_type": "stream",
     "text": [
      "                             date      time                         indicator  \\\n",
      "0          Monday, August 1, 2022   6:00 AM             ISM Manufacturing PMI   \n",
      "1         Tuesday, August 2, 2022   6:00 AM                JOLTS Job Openings   \n",
      "2       Wednesday, August 3, 2022   6:00 AM         ISM Non Manufacturing PMI   \n",
      "3        Thursday, August 4, 2022   4:30 AM                  Balance of Trade   \n",
      "4          Friday, August 5, 2022   4:30 AM                 Non Farm Payrolls   \n",
      "5      Wednesday, August 10, 2022   4:30 AM               Core Inflation Rate   \n",
      "6      Wednesday, August 10, 2022   4:30 AM                Inflation Rate YoY   \n",
      "7       Thursday, August 11, 2022   4:30 AM                           PPI MoM   \n",
      "8         Friday, August 12, 2022   6:00 AM  Michigan Consumer Sentiment Pref   \n",
      "9        Tuesday, August 16, 2022   4:30 AM                 Buildling Permits   \n",
      "10     Wednesday, August 17, 2022   4:30 AM                  retail sales mom   \n",
      "11     Wednesday, August 17, 2022  10:00 AM                      fomc minutes   \n",
      "12     Wednesday, August 24, 2022   4:30 AM          durable goods orders mom   \n",
      "13        Friday, August 26, 2022   4:30 AM               personal income mom   \n",
      "14        Friday, August 26, 2022   4:30 AM             personal spending mom   \n",
      "15        Friday, August 26, 2022   6:00 AM           fed chair powell speech   \n",
      "16       Tuesday, August 30, 2022   6:00 AM                jolts job openings   \n",
      "17    Thursday, September 1, 2022   6:00 AM             ism manufacturing pmi   \n",
      "18      Friday, September 2, 2022   4:30 AM                 non farm payrolls   \n",
      "19     Tuesday, September 6, 2022   6:00 AM         ism non manufacturing pmi   \n",
      "20   Wednesday, September 7, 2022   4:30 AM                  balance of trade   \n",
      "21  Wednesday, September 14, 2022   4:30 AM                           ppi mom   \n",
      "22   Thursday, September 15, 2022   4:30 AM                  retail sales mom   \n",
      "23     Friday, September 16, 2022   6:00 AM  Michigan Consumer Sentiment Pref   \n",
      "24    Tuesday, September 20, 2022   4:30 AM                  building permits   \n",
      "25  Wednesday, September 21, 2022  10:00 AM         fomc economic projections   \n",
      "26  Wednesday, September 21, 2022  10:00 AM              fed press conference   \n",
      "27    Tuesday, September 27, 2022   4:30 AM          durable goods orders mom   \n",
      "28     Friday, September 30, 2022   4:30 AM             personal spending mom   \n",
      "29     Friday, September 30, 2022   4:30 AM               personal income mom   \n",
      "30        Monday, October 3, 2022   6:00 AM             ism manufacturing pmi   \n",
      "31       Tuesday, October 4, 2022   6:00 AM                jolts job openings   \n",
      "32     Wednesday, October 5, 2022   4:30 AM                  balance of trade   \n",
      "33     Wednesday, October 5, 2022   6:00 AM         ism non manufacturing pmi   \n",
      "34        Friday, October 7, 2022   4:30 AM                 non farm payrolls   \n",
      "35    Wednesday, October 12, 2022   4:30 AM                           ppi mom   \n",
      "36    Wednesday, October 12, 2022  10:00 AM                      fomc minutes   \n",
      "37     Thursday, October 13, 2022   4:30 AM                inflation rate yoy   \n",
      "38     Thursday, October 13, 2022   4:30 AM           core inflation rate yoy   \n",
      "39       Friday, October 14, 2022   4:30 AM                  retail sales mom   \n",
      "40       Friday, October 14, 2022   6:00 AM  michigan consumer sentiment pref   \n",
      "41    Wednesday, October 19, 2022   4:30 AM                 buildling permits   \n",
      "42     Thursday, October 27, 2022   4:30 AM          durable goods orders mom   \n",
      "43       Friday, October 28, 2022   4:30 AM               personal income mom   \n",
      "44       Friday, October 28, 2022   4:30 AM             personal spending mom   \n",
      "45      Tuesday, November 1, 2022   6:00 AM             ism manufacturing pmi   \n",
      "46      Tuesday, November 1, 2022   6:00 AM                jolts job openings   \n",
      "47    Wednesday, November 2, 2022     10:30              fed press conference   \n",
      "48     Thursday, November 3, 2022   4:30 AM                  balance of trade   \n",
      "49       Friday, November 4, 2022   4:30 AM                 Non Farm Payrolls   \n",
      "50    Thursday, November 10, 2022   5:30 AM                inflation rate yoy   \n",
      "51    Thursday, November 10, 2022   5:30 AM           core inflation rate yoy   \n",
      "52      Friday, November 11, 2022   7:00 AM  michigan consumer sentiment pref   \n",
      "\n",
      "     actual  previous  consensus  forecast  \n",
      "0    52.800    53.000     52.000    52.200  \n",
      "1    10.698    11.303     11.000    11.000  \n",
      "2    56.700    55.300     53.500    52.500  \n",
      "3   -79.600   -84.900    -80.100   -83.000  \n",
      "4   528.000   398.000    250.000   290.000  \n",
      "5     5.900     5.900      6.100     5.900  \n",
      "6     8.500     9.100      8.700     9.100  \n",
      "7    -0.500     1.000      0.200     0.400  \n",
      "8    55.100    51.500     52.500    51.300  \n",
      "9     1.674     1.696      1.650     1.670  \n",
      "10    0.000     0.800      0.100     0.200  \n",
      "11      NaN       NaN        NaN       NaN  \n",
      "12    0.000     2.200      0.600     0.800  \n",
      "13    0.200     0.700      0.600     0.500  \n",
      "14    0.100     1.000      0.400     0.200  \n",
      "15      NaN       NaN        NaN       NaN  \n",
      "16   11.230    11.040     10.450    10.500  \n",
      "17   52.800    52.800     52.000    52.000  \n",
      "18  315.000   526.000    300.000   310.000  \n",
      "19   56.900    56.700     55.100    55.000  \n",
      "20  -70.700   -80.900    -70.300   -70.000  \n",
      "21   -0.100    -0.400     -0.100     0.100  \n",
      "22    0.300    -0.400      0.000     0.100  \n",
      "23   59.500    58.200     60.000    58.600  \n",
      "24    1.517     1.685      1.610     1.630  \n",
      "25      NaN       NaN        NaN       NaN  \n",
      "26      NaN       NaN        NaN       NaN  \n",
      "27   -0.200    -0.100     -0.400    -0.900  \n",
      "28    0.400    -0.200      0.200     0.200  \n",
      "29    0.300     0.300      0.300     0.200  \n",
      "30   50.900    52.800     52.200    52.900  \n",
      "31   10.053    11.170     10.775    11.100  \n",
      "32  -67.400   -70.500    -67.700   -68.000  \n",
      "33   56.700    56.900     56.000    56.400  \n",
      "34  263.000   315.000    250.000   290.000  \n",
      "35    0.400    -0.200      0.200     0.000  \n",
      "36      NaN       NaN        NaN       NaN  \n",
      "37    8.200     8.300      8.100     8.200  \n",
      "38    6.600     6.300      6.500     6.400  \n",
      "39    0.000     0.400      0.200     0.200  \n",
      "40   59.800    58.600     59.000    58.300  \n",
      "41    1.564     1.542      1.530     1.487  \n",
      "42    0.400     0.200      0.600     0.200  \n",
      "43    0.400     0.400      0.300     0.200  \n",
      "44    0.600     0.600      0.400     0.300  \n",
      "45   50.200    50.900     50.000    50.100  \n",
      "46   10.717    10.280     10.000    10.200  \n",
      "47      NaN       NaN        NaN       NaN  \n",
      "48  -73.300   -65.700    -72.200   -72.000  \n",
      "49  261.000   315.000    200.000   240.000  \n",
      "50    7.700     8.200      8.000     8.100  \n",
      "51    6.300     6.600      6.500     6.700  \n",
      "52   54.700    56.900     59.500    59.300  \n"
     ]
    }
   ],
   "source": [
    "print(getIndicators())"
   ]
  },
  {
   "cell_type": "code",
   "execution_count": null,
   "metadata": {},
   "outputs": [],
   "source": []
  },
  {
   "cell_type": "code",
   "execution_count": 8,
   "metadata": {},
   "outputs": [
    {
     "data": {
      "text/plain": [
       "date    object\n",
       "time    object\n",
       "dtype: object"
      ]
     },
     "execution_count": 8,
     "metadata": {},
     "output_type": "execute_result"
    }
   ],
   "source": [
    "ind = pd.read_csv(\"usIndicatorsFall22-fulls.csv\")\n",
    "t = ['date', 'time']\n",
    "ind[t].dtypes"
   ]
  },
  {
   "cell_type": "code",
   "execution_count": 9,
   "metadata": {},
   "outputs": [
    {
     "data": {
      "text/plain": [
       "array(['ISM Manufacturing PMI', 'JOLTS Job Openings',\n",
       "       'ISM Non Manufacturing PMI', 'Balance of Trade',\n",
       "       'Non Farm Payrolls', 'Core Inflation Rate', 'Inflation Rate YoY',\n",
       "       'PPI MoM', 'Michigan Consumer Sentiment Pref', 'Buildling Permits',\n",
       "       'retail sales mom', 'fomc minutes', 'durable goods orders mom',\n",
       "       'personal income mom', 'personal spending mom',\n",
       "       'fed chair powell speech', 'jolts job openings',\n",
       "       'ism manufacturing pmi', 'non farm payrolls',\n",
       "       'ism non manufacturing pmi', 'balance of trade', 'ppi mom',\n",
       "       'building permits', 'fomc economic projections',\n",
       "       'fed press conference', 'inflation rate yoy',\n",
       "       'core inflation rate yoy', 'michigan consumer sentiment pref',\n",
       "       'buildling permits'], dtype=object)"
      ]
     },
     "execution_count": 9,
     "metadata": {},
     "output_type": "execute_result"
    }
   ],
   "source": [
    "ind['indicator'].unique()"
   ]
  },
  {
   "attachments": {},
   "cell_type": "markdown",
   "metadata": {},
   "source": [
    "gather all data files per announcement"
   ]
  },
  {
   "cell_type": "code",
   "execution_count": 10,
   "metadata": {},
   "outputs": [],
   "source": [
    "# def loadCSV(type, fileName):\n",
    "#     if type == \"caps\":\n",
    "#         sl = \"./lob_caps/\"\n",
    "#         loc= sl+ fileName #+ \"-CAPS.csv\"\n",
    "#     df = pd.read_csv(loc)\n",
    "#     return df"
   ]
  },
  {
   "attachments": {},
   "cell_type": "markdown",
   "metadata": {},
   "source": [
    "get limit order book for a date string"
   ]
  },
  {
   "cell_type": "code",
   "execution_count": 50,
   "metadata": {},
   "outputs": [],
   "source": [
    "def getlob(csv):\n",
    "    # print(\"GL: csv named \",csv)\n",
    "    csv = \"lob_caps/\" + csv\n",
    "    df = pd.read_csv(csv)\n",
    "    # print(\"\\tfor \", type, df.columns)\n",
    "    return df"
   ]
  },
  {
   "attachments": {},
   "cell_type": "markdown",
   "metadata": {},
   "source": [
    "get files for indicator entry, data frame returned"
   ]
  },
  {
   "cell_type": "code",
   "execution_count": 161,
   "metadata": {},
   "outputs": [],
   "source": [
    "import os\n",
    "\n",
    "def getCAPSByDateAndType(date, type ):  #returns a dict, date + df caps for that date\n",
    "    # print(\"for type, \", type)\n",
    "    for root, dirs, files in os.walk(\".\"):\n",
    "        for filename in files:\n",
    "            if date in filename :\n",
    "                if type in filename:\n",
    "                    # print(\"GFBDT: match \", date, \" : \", filename)\n",
    "                    # print(\"returning, \", filename )\n",
    "                    obj = {\"date\":date, \"df\":getlob(filename)}\n",
    "                    return obj\n",
    "    "
   ]
  },
  {
   "attachments": {},
   "cell_type": "markdown",
   "metadata": {},
   "source": [
    "primary study, study entry point. Iterates indicator file, returns data frame per indicator announcement, based on the type of data you wish. "
   ]
  },
  {
   "cell_type": "code",
   "execution_count": 162,
   "metadata": {},
   "outputs": [],
   "source": [
    "def iterateByType(type):\n",
    "    # print(\"for type, \", type)\n",
    "    data = getIndicators() #indicators file read\n",
    "    result = []\n",
    "    for row, val in data.iterrows():\n",
    "        s1 = val['date'].replace(','  , '')\n",
    "        ss = s1.split(\" \")\n",
    "        day  = ss[0][0:3]\n",
    "        mon = ss[1][0:3]\n",
    "        num = ss[2]\n",
    "        if int(num) <10:\n",
    "            num = \"0\"+num\n",
    "        yr = ss[3]\n",
    "        l = day + \" \" + mon + \" \" + num\n",
    "        # print(\"IBT: \",l, \" \", val['indicator'])\n",
    "        result.append(getCAPSByDateAndType(l, type)) #returns df/caps and the date associated    \n",
    "    return result"
   ]
  },
  {
   "attachments": {},
   "cell_type": "markdown",
   "metadata": {},
   "source": [
    "#### study one: how does the announcement impact the accumulation of the commodity?\n",
    "separate one data frame into two, based on announcement time"
   ]
  },
  {
   "cell_type": "code",
   "execution_count": 251,
   "metadata": {},
   "outputs": [],
   "source": [
    "def studyCorrelations(cArr):\n",
    "    print(len(cArr))\n",
    "\n",
    "    for i in range(len(cArr)):\n",
    "        print(cArr[i][\"date\"])\n",
    "        print(cArr[i][\"corrDf\"])"
   ]
  },
  {
   "cell_type": "code",
   "execution_count": 252,
   "metadata": {},
   "outputs": [],
   "source": [
    "def demarcateByAnnounceTime():\n",
    "    obj = iterateByType(\"CAPS\")\n",
    "    # print(obj)#  , obj[\"df\"])\n",
    "    corrArray = []\n",
    "    for i in range(len(obj)):\n",
    "        if obj[i] is not None:\n",
    "            # print(obj[i][\"df\"][\"mp\"].head(2))\n",
    "            # print(type(obj[i][\"df\"].corr()))\n",
    "            l = obj[i][\"df\"].corr()\n",
    "            date = obj[i][\"date\"]\n",
    "            dict = {\"corrDf\": l, \"date\":date }\n",
    "            corrArray.append(dict)\n",
    "    \n",
    "    studyCorrelations(corrArray)\n",
    "        \n",
    "        \n",
    "        \n"
   ]
  },
  {
   "cell_type": "code",
   "execution_count": 253,
   "metadata": {},
   "outputs": [
    {
     "name": "stdout",
     "output_type": "stream",
     "text": [
      "44\n",
      "Thu Aug 11\n",
      "              bc        ac       tbv       tav      time        mp    minBid\n",
      "bc      1.000000  0.800815  0.996983  0.790472 -0.447016  0.544989  0.478318\n",
      "ac      0.800815  1.000000  0.809675  0.942960 -0.135844  0.261803  0.184452\n",
      "tbv     0.996983  0.809675  1.000000  0.817664 -0.399621  0.480651  0.416134\n",
      "tav     0.790472  0.942960  0.817664  1.000000 -0.043581  0.068955 -0.003978\n",
      "time   -0.447016 -0.135844 -0.399621 -0.043581  1.000000 -0.751193 -0.882014\n",
      "mp      0.544989  0.261803  0.480651  0.068955 -0.751193  1.000000  0.943051\n",
      "minBid  0.478318  0.184452  0.416134 -0.003978 -0.882014  0.943051  1.000000\n",
      "Fri Aug 12\n",
      "              bc        ac       tbv       tav      time        mp    minBid\n",
      "bc      1.000000  0.327679  0.969155  0.325539 -0.779050 -0.696111  0.123698\n",
      "ac      0.327679  1.000000  0.252743  0.971360 -0.015935  0.003611 -0.511029\n",
      "tbv     0.969155  0.252743  1.000000  0.252791 -0.892966 -0.804784  0.213062\n",
      "tav     0.325539  0.971360  0.252791  1.000000 -0.024931  0.029877 -0.606129\n",
      "time   -0.779050 -0.015935 -0.892966 -0.024931  1.000000  0.800654 -0.362644\n",
      "mp     -0.696111  0.003611 -0.804784  0.029877  0.800654  1.000000 -0.431593\n",
      "minBid  0.123698 -0.511029  0.213062 -0.606129 -0.362644 -0.431593  1.000000\n",
      "Tue Aug 16\n",
      "              bc        ac       tbv       tav      time        mp    minBid\n",
      "bc      1.000000  0.203575  0.997572  0.123557  0.571636 -0.331583 -0.578234\n",
      "ac      0.203575  1.000000  0.201217  0.955902  0.198465 -0.069583 -0.110479\n",
      "tbv     0.997572  0.201217  1.000000  0.121394  0.607491 -0.394178 -0.624062\n",
      "tav     0.123557  0.955902  0.121394  1.000000  0.108472 -0.020520  0.002725\n",
      "time    0.571636  0.198465  0.607491  0.108472  1.000000 -0.630214 -0.875703\n",
      "mp     -0.331583 -0.069583 -0.394178 -0.020520 -0.630214  1.000000  0.807561\n",
      "minBid -0.578234 -0.110479 -0.624062  0.002725 -0.875703  0.807561  1.000000\n",
      "Wed Aug 17\n",
      "              bc        ac       tbv       tav      time        mp    minBid\n",
      "bc      1.000000  0.333195  0.997259  0.240723 -0.122632  0.357938  0.306967\n",
      "ac      0.333195  1.000000  0.355329  0.982036  0.144564 -0.199974 -0.150509\n",
      "tbv     0.997259  0.355329  1.000000  0.274221 -0.067609  0.290051  0.240674\n",
      "tav     0.240723  0.982036  0.274221  1.000000  0.254263 -0.375344 -0.317568\n",
      "time   -0.122632  0.144564 -0.067609  0.254263  1.000000 -0.599448 -0.832507\n",
      "mp      0.357938 -0.199974  0.290051 -0.375344 -0.599448  1.000000  0.885159\n",
      "minBid  0.306967 -0.150509  0.240674 -0.317568 -0.832507  0.885159  1.000000\n",
      "Wed Aug 17\n",
      "              bc        ac       tbv       tav      time        mp    minBid\n",
      "bc      1.000000  0.333195  0.997259  0.240723 -0.122632  0.357938  0.306967\n",
      "ac      0.333195  1.000000  0.355329  0.982036  0.144564 -0.199974 -0.150509\n",
      "tbv     0.997259  0.355329  1.000000  0.274221 -0.067609  0.290051  0.240674\n",
      "tav     0.240723  0.982036  0.274221  1.000000  0.254263 -0.375344 -0.317568\n",
      "time   -0.122632  0.144564 -0.067609  0.254263  1.000000 -0.599448 -0.832507\n",
      "mp      0.357938 -0.199974  0.290051 -0.375344 -0.599448  1.000000  0.885159\n",
      "minBid  0.306967 -0.150509  0.240674 -0.317568 -0.832507  0.885159  1.000000\n",
      "Wed Aug 24\n",
      "              bc        ac       tbv       tav      time        mp    minBid\n",
      "bc      1.000000 -0.177463  0.985109 -0.132761  0.339728  0.101486 -0.382473\n",
      "ac     -0.177463  1.000000 -0.084235  0.987425 -0.758132  0.109951  0.592989\n",
      "tbv     0.985109 -0.084235  1.000000 -0.037978  0.290740  0.061878 -0.358734\n",
      "tav    -0.132761  0.987425 -0.037978  1.000000 -0.670244  0.000200  0.491672\n",
      "time    0.339728 -0.758132  0.290740 -0.670244  1.000000 -0.464652 -0.896758\n",
      "mp      0.101486  0.109951  0.061878  0.000200 -0.464652  1.000000  0.638217\n",
      "minBid -0.382473  0.592989 -0.358734  0.491672 -0.896758  0.638217  1.000000\n",
      "Fri Aug 26\n",
      "              bc        ac       tbv       tav      time        mp    minBid\n",
      "bc      1.000000 -0.671100  0.989698 -0.562132  0.833186 -0.612927 -0.633395\n",
      "ac     -0.671100  1.000000 -0.740444  0.597523 -0.911463  0.872255  0.883414\n",
      "tbv     0.989698 -0.740444  1.000000 -0.584375  0.885890 -0.686158 -0.705004\n",
      "tav    -0.562132  0.597523 -0.584375  1.000000 -0.545213  0.235989  0.250952\n",
      "time    0.833186 -0.911463  0.885890 -0.545213  1.000000 -0.879262 -0.884342\n",
      "mp     -0.612927  0.872255 -0.686158  0.235989 -0.879262  1.000000  0.988991\n",
      "minBid -0.633395  0.883414 -0.705004  0.250952 -0.884342  0.988991  1.000000\n",
      "Fri Aug 26\n",
      "              bc        ac       tbv       tav      time        mp    minBid\n",
      "bc      1.000000 -0.671100  0.989698 -0.562132  0.833186 -0.612927 -0.633395\n",
      "ac     -0.671100  1.000000 -0.740444  0.597523 -0.911463  0.872255  0.883414\n",
      "tbv     0.989698 -0.740444  1.000000 -0.584375  0.885890 -0.686158 -0.705004\n",
      "tav    -0.562132  0.597523 -0.584375  1.000000 -0.545213  0.235989  0.250952\n",
      "time    0.833186 -0.911463  0.885890 -0.545213  1.000000 -0.879262 -0.884342\n",
      "mp     -0.612927  0.872255 -0.686158  0.235989 -0.879262  1.000000  0.988991\n",
      "minBid -0.633395  0.883414 -0.705004  0.250952 -0.884342  0.988991  1.000000\n",
      "Fri Aug 26\n",
      "              bc        ac       tbv       tav      time        mp    minBid\n",
      "bc      1.000000 -0.671100  0.989698 -0.562132  0.833186 -0.612927 -0.633395\n",
      "ac     -0.671100  1.000000 -0.740444  0.597523 -0.911463  0.872255  0.883414\n",
      "tbv     0.989698 -0.740444  1.000000 -0.584375  0.885890 -0.686158 -0.705004\n",
      "tav    -0.562132  0.597523 -0.584375  1.000000 -0.545213  0.235989  0.250952\n",
      "time    0.833186 -0.911463  0.885890 -0.545213  1.000000 -0.879262 -0.884342\n",
      "mp     -0.612927  0.872255 -0.686158  0.235989 -0.879262  1.000000  0.988991\n",
      "minBid -0.633395  0.883414 -0.705004  0.250952 -0.884342  0.988991  1.000000\n",
      "Thu Sep 01\n",
      "              bc        ac       tbv       tav      time        mp    minBid\n",
      "bc      1.000000  0.764700  0.995249  0.760182 -0.691689 -0.447839  0.340365\n",
      "ac      0.764700  1.000000  0.773541  0.998414 -0.771979 -0.433827  0.635609\n",
      "tbv     0.995249  0.773541  1.000000  0.772431 -0.736206 -0.528515  0.327938\n",
      "tav     0.760182  0.998414  0.772431  1.000000 -0.769402 -0.471940  0.609351\n",
      "time   -0.691689 -0.771979 -0.736206 -0.769402  1.000000  0.642025 -0.589256\n",
      "mp     -0.447839 -0.433827 -0.528515 -0.471940  0.642025  1.000000  0.039363\n",
      "minBid  0.340365  0.635609  0.327938  0.609351 -0.589256  0.039363  1.000000\n",
      "Fri Sep 02\n",
      "              bc        ac       tbv       tav      time        mp    minBid\n",
      "bc      1.000000 -0.086855  0.999019  0.736529  0.841643 -0.556386 -0.616611\n",
      "ac     -0.086855  1.000000 -0.092354  0.089271 -0.138131  0.131544  0.139329\n",
      "tbv     0.999019 -0.092354  1.000000  0.739644  0.858263 -0.591897 -0.648113\n",
      "tav     0.736529  0.089271  0.739644  1.000000  0.666352 -0.502319 -0.547729\n",
      "time    0.841643 -0.138131  0.858263  0.666352  1.000000 -0.814759 -0.888182\n",
      "mp     -0.556386  0.131544 -0.591897 -0.502319 -0.814759  1.000000  0.966988\n",
      "minBid -0.616611  0.139329 -0.648113 -0.547729 -0.888182  0.966988  1.000000\n",
      "Tue Sep 06\n",
      "              bc        ac       tbv       tav      time        mp    minBid\n",
      "bc      1.000000 -0.479624  0.995914 -0.714281 -0.831348  0.761503  0.821631\n",
      "ac     -0.479624  1.000000 -0.486881  0.920834  0.250142 -0.161556 -0.287991\n",
      "tbv     0.995914 -0.486881  1.000000 -0.699635 -0.788849  0.704004  0.769300\n",
      "tav    -0.714281  0.920834 -0.699635  1.000000  0.596335 -0.527145 -0.631780\n",
      "time   -0.831348  0.250142 -0.788849  0.596335  1.000000 -0.954315 -0.970365\n",
      "mp      0.761503 -0.161556  0.704004 -0.527145 -0.954315  1.000000  0.985605\n",
      "minBid  0.821631 -0.287991  0.769300 -0.631780 -0.970365  0.985605  1.000000\n",
      "Wed Sep 07\n",
      "              bc        ac       tbv       tav      time        mp    minBid\n",
      "bc      1.000000  0.234027  0.994518  0.145678  0.149200 -0.098062 -0.563922\n",
      "ac      0.234027  1.000000  0.199943  0.478384  0.791022  0.188680 -0.385360\n",
      "tbv     0.994518  0.199943  1.000000  0.125753  0.077349 -0.196414 -0.527702\n",
      "tav     0.145678  0.478384  0.125753  1.000000  0.340858  0.142952 -0.029043\n",
      "time    0.149200  0.791022  0.077349  0.340858  1.000000  0.579832 -0.513097\n",
      "mp     -0.098062  0.188680 -0.196414  0.142952  0.579832  1.000000 -0.213951\n",
      "minBid -0.563922 -0.385360 -0.527702 -0.029043 -0.513097 -0.213951  1.000000\n",
      "Wed Sep 14\n",
      "              bc        ac       tbv       tav      time        mp    minBid\n",
      "bc      1.000000  0.737618  0.973861  0.708015 -0.677488  0.510132  0.556762\n",
      "ac      0.737618  1.000000  0.784953  0.984628 -0.861133  0.606072  0.794646\n",
      "tbv     0.973861  0.784953  1.000000  0.773640 -0.693423  0.532175  0.639687\n",
      "tav     0.708015  0.984628  0.773640  1.000000 -0.781152  0.570740  0.759741\n",
      "time   -0.677488 -0.861133 -0.693423 -0.781152  1.000000 -0.480673 -0.839582\n",
      "mp      0.510132  0.606072  0.532175  0.570740 -0.480673  1.000000  0.656068\n",
      "minBid  0.556762  0.794646  0.639687  0.759741 -0.839582  0.656068  1.000000\n",
      "Thu Sep 15\n",
      "              bc        ac       tbv       tav      time        mp    minBid\n",
      "bc      1.000000  0.161541  0.988373  0.160832 -0.143196  0.325465  0.406713\n",
      "ac      0.161541  1.000000  0.292129  0.998217  0.815399 -0.784164 -0.753639\n",
      "tbv     0.988373  0.292129  1.000000  0.292173 -0.006384  0.181590  0.273491\n",
      "tav     0.160832  0.998217  0.292173  1.000000  0.797921 -0.791002 -0.750912\n",
      "time   -0.143196  0.815399 -0.006384  0.797921  1.000000 -0.856613 -0.856013\n",
      "mp      0.325465 -0.784164  0.181590 -0.791002 -0.856613  1.000000  0.943622\n",
      "minBid  0.406713 -0.753639  0.273491 -0.750912 -0.856013  0.943622  1.000000\n",
      "Fri Sep 16\n",
      "              bc        ac       tbv       tav      time        mp    minBid\n",
      "bc      1.000000  0.401958  0.967710  0.399798 -0.457472 -0.216270  0.334298\n",
      "ac      0.401958  1.000000  0.332326  0.987033  0.103344  0.120287 -0.010966\n",
      "tbv     0.967710  0.332326  1.000000  0.358063 -0.557003 -0.407994  0.273475\n",
      "tav     0.399798  0.987033  0.358063  1.000000  0.072359 -0.012390 -0.048466\n",
      "time   -0.457472  0.103344 -0.557003  0.072359  1.000000  0.591834 -0.661933\n",
      "mp     -0.216270  0.120287 -0.407994 -0.012390  0.591834  1.000000 -0.070701\n",
      "minBid  0.334298 -0.010966  0.273475 -0.048466 -0.661933 -0.070701  1.000000\n",
      "Tue Sep 20\n",
      "              bc        ac       tbv       tav      time        mp    minBid\n",
      "bc      1.000000  0.546243  0.999600  0.491190  0.780416 -0.057742 -0.559137\n",
      "ac      0.546243  1.000000  0.544138 -0.018880  0.872636  0.134677 -0.479868\n",
      "tbv     0.999600  0.544138  1.000000  0.483682  0.778770 -0.067607 -0.563853\n",
      "tav     0.491190 -0.018880  0.483682  1.000000  0.084361 -0.307148  0.044555\n",
      "time    0.780416  0.872636  0.778770  0.084361  1.000000  0.160602 -0.644863\n",
      "mp     -0.057742  0.134677 -0.067607 -0.307148  0.160602  1.000000  0.093209\n",
      "minBid -0.559137 -0.479868 -0.563853  0.044555 -0.644863  0.093209  1.000000\n",
      "Wed Sep 21\n",
      "              bc        ac       tbv       tav      time        mp    minBid\n",
      "bc      1.000000  0.684513  0.998392  0.628932  0.027448  0.814651  0.538948\n",
      "ac      0.684513  1.000000  0.663222  0.963690 -0.454284  0.792301  0.827287\n",
      "tbv     0.998392  0.663222  1.000000  0.617541  0.046427  0.781744  0.504936\n",
      "tav     0.628932  0.963690  0.617541  1.000000 -0.348968  0.655139  0.674302\n",
      "time    0.027448 -0.454284  0.046427 -0.348968  1.000000 -0.188948 -0.728635\n",
      "mp      0.814651  0.792301  0.781744  0.655139 -0.188948  1.000000  0.801952\n",
      "minBid  0.538948  0.827287  0.504936  0.674302 -0.728635  0.801952  1.000000\n",
      "Wed Sep 21\n",
      "              bc        ac       tbv       tav      time        mp    minBid\n",
      "bc      1.000000  0.684513  0.998392  0.628932  0.027448  0.814651  0.538948\n",
      "ac      0.684513  1.000000  0.663222  0.963690 -0.454284  0.792301  0.827287\n",
      "tbv     0.998392  0.663222  1.000000  0.617541  0.046427  0.781744  0.504936\n",
      "tav     0.628932  0.963690  0.617541  1.000000 -0.348968  0.655139  0.674302\n",
      "time    0.027448 -0.454284  0.046427 -0.348968  1.000000 -0.188948 -0.728635\n",
      "mp      0.814651  0.792301  0.781744  0.655139 -0.188948  1.000000  0.801952\n",
      "minBid  0.538948  0.827287  0.504936  0.674302 -0.728635  0.801952  1.000000\n",
      "Tue Sep 27\n",
      "              bc        ac       tbv       tav      time        mp    minBid\n",
      "bc      1.000000  0.270160  0.924712  0.278163  0.113852 -0.235446 -0.225375\n",
      "ac      0.270160  1.000000  0.576392  0.997219  0.645348 -0.914189 -0.908125\n",
      "tbv     0.924712  0.576392  1.000000  0.593148  0.416697 -0.583344 -0.575331\n",
      "tav     0.278163  0.997219  0.593148  1.000000  0.688736 -0.937950 -0.932895\n",
      "time    0.113852  0.645348  0.416697  0.688736  1.000000 -0.780147 -0.811634\n",
      "mp     -0.235446 -0.914189 -0.583344 -0.937950 -0.780147  1.000000  0.992973\n",
      "minBid -0.225375 -0.908125 -0.575331 -0.932895 -0.811634  0.992973  1.000000\n",
      "Fri Sep 30\n",
      "              bc        ac       tbv       tav      time        mp    minBid\n",
      "bc      1.000000  0.099391  0.997427  0.266288 -0.219501  0.051833  0.285249\n",
      "ac      0.099391  1.000000  0.105959  0.911548  0.853859 -0.273331 -0.685651\n",
      "tbv     0.997427  0.105959  1.000000  0.274893 -0.214741 -0.007214  0.271654\n",
      "tav     0.266288  0.911548  0.274893  1.000000  0.816052 -0.380511 -0.653383\n",
      "time   -0.219501  0.853859 -0.214741  0.816052  1.000000 -0.333947 -0.892199\n",
      "mp      0.051833 -0.273331 -0.007214 -0.380511 -0.333947  1.000000  0.396648\n",
      "minBid  0.285249 -0.685651  0.271654 -0.653383 -0.892199  0.396648  1.000000\n",
      "Fri Sep 30\n",
      "              bc        ac       tbv       tav      time        mp    minBid\n",
      "bc      1.000000  0.099391  0.997427  0.266288 -0.219501  0.051833  0.285249\n",
      "ac      0.099391  1.000000  0.105959  0.911548  0.853859 -0.273331 -0.685651\n",
      "tbv     0.997427  0.105959  1.000000  0.274893 -0.214741 -0.007214  0.271654\n",
      "tav     0.266288  0.911548  0.274893  1.000000  0.816052 -0.380511 -0.653383\n",
      "time   -0.219501  0.853859 -0.214741  0.816052  1.000000 -0.333947 -0.892199\n",
      "mp      0.051833 -0.273331 -0.007214 -0.380511 -0.333947  1.000000  0.396648\n",
      "minBid  0.285249 -0.685651  0.271654 -0.653383 -0.892199  0.396648  1.000000\n",
      "Mon Oct 03\n",
      "              bc        ac       tbv       tav      time        mp    minBid\n",
      "bc      1.000000  0.262219  0.951245  0.251701  0.590658  0.526548 -0.234607\n",
      "ac      0.262219  1.000000  0.342634  0.984276  0.016645  0.029659 -0.155029\n",
      "tbv     0.951245  0.342634  1.000000  0.345603  0.356595  0.273467 -0.163015\n",
      "tav     0.251701  0.984276  0.345603  1.000000 -0.050023 -0.002973 -0.135880\n",
      "time    0.590658  0.016645  0.356595 -0.050023  1.000000  0.795779 -0.283857\n",
      "mp      0.526548  0.029659  0.273467 -0.002973  0.795779  1.000000 -0.396839\n",
      "minBid -0.234607 -0.155029 -0.163015 -0.135880 -0.283857 -0.396839  1.000000\n",
      "Wed Oct 05\n",
      "              bc        ac       tbv       tav      time        mp    minBid\n",
      "bc      1.000000  0.368990  0.982923  0.361411  0.349843  0.271354 -0.130407\n",
      "ac      0.368990  1.000000  0.377979  0.987590 -0.454235  0.166489  0.062565\n",
      "tbv     0.982923  0.377979  1.000000  0.389081  0.306484  0.104245 -0.150677\n",
      "tav     0.361411  0.987590  0.389081  1.000000 -0.396298  0.038196 -0.012684\n",
      "time    0.349843 -0.454235  0.306484 -0.396298  1.000000 -0.020679 -0.520194\n",
      "mp      0.271354  0.166489  0.104245  0.038196 -0.020679  1.000000  0.264370\n",
      "minBid -0.130407  0.062565 -0.150677 -0.012684 -0.520194  0.264370  1.000000\n",
      "Wed Oct 05\n",
      "              bc        ac       tbv       tav      time        mp    minBid\n",
      "bc      1.000000  0.368990  0.982923  0.361411  0.349843  0.271354 -0.130407\n",
      "ac      0.368990  1.000000  0.377979  0.987590 -0.454235  0.166489  0.062565\n",
      "tbv     0.982923  0.377979  1.000000  0.389081  0.306484  0.104245 -0.150677\n",
      "tav     0.361411  0.987590  0.389081  1.000000 -0.396298  0.038196 -0.012684\n",
      "time    0.349843 -0.454235  0.306484 -0.396298  1.000000 -0.020679 -0.520194\n",
      "mp      0.271354  0.166489  0.104245  0.038196 -0.020679  1.000000  0.264370\n",
      "minBid -0.130407  0.062565 -0.150677 -0.012684 -0.520194  0.264370  1.000000\n",
      "Fri Oct 07\n",
      "              bc        ac       tbv       tav      time        mp    minBid\n",
      "bc      1.000000  0.907788  0.999682  0.904325  0.022809  0.057166 -0.060760\n",
      "ac      0.907788  1.000000  0.912032  0.999632 -0.121744 -0.142219 -0.081119\n",
      "tbv     0.999682  0.912032  1.000000  0.908868  0.012742  0.033113 -0.052067\n",
      "tav     0.904325  0.999632  0.908868  1.000000 -0.110627 -0.150265 -0.092392\n",
      "time    0.022809 -0.121744  0.012742 -0.110627  1.000000  0.568179 -0.627293\n",
      "mp      0.057166 -0.142219  0.033113 -0.150265  0.568179  1.000000 -0.458203\n",
      "minBid -0.060760 -0.081119 -0.052067 -0.092392 -0.627293 -0.458203  1.000000\n",
      "Wed Oct 12\n",
      "              bc        ac       tbv       tav      time        mp    minBid\n",
      "bc      1.000000 -0.762014  0.993042  0.400150 -0.776893  0.801185  0.804647\n",
      "ac     -0.762014  1.000000 -0.711270 -0.251467  0.801274 -0.901149 -0.892065\n",
      "tbv     0.993042 -0.711270  1.000000  0.404219 -0.740958  0.739796  0.754791\n",
      "tav     0.400150 -0.251467  0.404219  1.000000  0.016208  0.221525  0.180591\n",
      "time   -0.776893  0.801274 -0.740958  0.016208  1.000000 -0.880521 -0.908903\n",
      "mp      0.801185 -0.901149  0.739796  0.221525 -0.880521  1.000000  0.978613\n",
      "minBid  0.804647 -0.892065  0.754791  0.180591 -0.908903  0.978613  1.000000\n",
      "Wed Oct 12\n",
      "              bc        ac       tbv       tav      time        mp    minBid\n",
      "bc      1.000000 -0.762014  0.993042  0.400150 -0.776893  0.801185  0.804647\n",
      "ac     -0.762014  1.000000 -0.711270 -0.251467  0.801274 -0.901149 -0.892065\n",
      "tbv     0.993042 -0.711270  1.000000  0.404219 -0.740958  0.739796  0.754791\n",
      "tav     0.400150 -0.251467  0.404219  1.000000  0.016208  0.221525  0.180591\n",
      "time   -0.776893  0.801274 -0.740958  0.016208  1.000000 -0.880521 -0.908903\n",
      "mp      0.801185 -0.901149  0.739796  0.221525 -0.880521  1.000000  0.978613\n",
      "minBid  0.804647 -0.892065  0.754791  0.180591 -0.908903  0.978613  1.000000\n",
      "Thu Oct 13\n",
      "              bc        ac       tbv       tav      time        mp    minBid\n",
      "bc      1.000000  0.716190  0.993597  0.667677  0.459224  0.673618 -0.551729\n",
      "ac      0.716190  1.000000  0.672548  0.983604  0.711604  0.701129 -0.276670\n",
      "tbv     0.993597  0.672548  1.000000  0.631824  0.370726  0.587854 -0.532928\n",
      "tav     0.667677  0.983604  0.631824  1.000000  0.693920  0.621668 -0.233647\n",
      "time    0.459224  0.711604  0.370726  0.693920  1.000000  0.886017 -0.471355\n",
      "mp      0.673618  0.701129  0.587854  0.621668  0.886017  1.000000 -0.550258\n",
      "minBid -0.551729 -0.276670 -0.532928 -0.233647 -0.471355 -0.550258  1.000000\n",
      "Thu Oct 13\n",
      "              bc        ac       tbv       tav      time        mp    minBid\n",
      "bc      1.000000  0.716190  0.993597  0.667677  0.459224  0.673618 -0.551729\n",
      "ac      0.716190  1.000000  0.672548  0.983604  0.711604  0.701129 -0.276670\n",
      "tbv     0.993597  0.672548  1.000000  0.631824  0.370726  0.587854 -0.532928\n",
      "tav     0.667677  0.983604  0.631824  1.000000  0.693920  0.621668 -0.233647\n",
      "time    0.459224  0.711604  0.370726  0.693920  1.000000  0.886017 -0.471355\n",
      "mp      0.673618  0.701129  0.587854  0.621668  0.886017  1.000000 -0.550258\n",
      "minBid -0.551729 -0.276670 -0.532928 -0.233647 -0.471355 -0.550258  1.000000\n",
      "Fri Oct 14\n",
      "              bc        ac       tbv       tav      time        mp    minBid\n",
      "bc      1.000000  0.756578  0.997377  0.820508  0.075391  0.142355  0.090340\n",
      "ac      0.756578  1.000000  0.734270  0.955292 -0.317938  0.201186  0.248791\n",
      "tbv     0.997377  0.734270  1.000000  0.813819  0.133290  0.078820  0.025979\n",
      "tav     0.820508  0.955292  0.813819  1.000000 -0.042663  0.016181  0.036302\n",
      "time    0.075391 -0.317938  0.133290 -0.042663  1.000000 -0.647587 -0.813221\n",
      "mp      0.142355  0.201186  0.078820  0.016181 -0.647587  1.000000  0.905232\n",
      "minBid  0.090340  0.248791  0.025979  0.036302 -0.813221  0.905232  1.000000\n",
      "Fri Oct 14\n",
      "              bc        ac       tbv       tav      time        mp    minBid\n",
      "bc      1.000000  0.756578  0.997377  0.820508  0.075391  0.142355  0.090340\n",
      "ac      0.756578  1.000000  0.734270  0.955292 -0.317938  0.201186  0.248791\n",
      "tbv     0.997377  0.734270  1.000000  0.813819  0.133290  0.078820  0.025979\n",
